0 -90.000000 -1.570796 0.399728 -7.964701
1 -89.639279 -1.564501 0.391792 -8.138895
2 -89.278557 -1.558205 0.383980 -8.313823
3 -88.917836 -1.551909 0.376324 -8.488758
4 -88.557114 -1.545613 0.368851 -8.662974
5 -88.196393 -1.539317 0.361587 -8.835746
6 -87.835671 -1.533022 0.354554 -9.006360
7 -87.474950 -1.526726 0.347772 -9.174114
8 -87.114228 -1.520430 0.341259 -9.338322
9 -86.753507 -1.514134 0.335030 -9.498328
10 -86.392786 -1.507839 0.329098 -9.653503
11 -86.032064 -1.501543 0.323472 -9.803256
12 -85.671343 -1.495247 0.318162 -9.947042
13 -85.310621 -1.488951 0.313171 -10.084364
14 -84.949900 -1.482655 0.308504 -10.214782
15 -84.589178 -1.476360 0.304162 -10.337911
16 -84.228457 -1.470064 0.300143 -10.453433
17 -83.867735 -1.463768 0.296446 -10.561087
18 -83.507014 -1.457472 0.293067 -10.660676
19 -83.146293 -1.451177 0.289999 -10.752062
20 -82.785571 -1.444881 0.287238 -10.835162
21 -82.424850 -1.438585 0.284776 -10.909940
22 -82.064128 -1.432289 0.282605 -10.976402
23 -81.703407 -1.425993 0.280718 -11.034586
24 -81.342685 -1.419698 0.279108 -11.084553
25 -80.981964 -1.413402 0.277767 -11.126374
26 -80.621242 -1.407106 0.276690 -11.160125
27 -80.260521 -1.400810 0.275871 -11.185869
28 -79.899800 -1.394515 0.275307 -11.203651
29 -79.539078 -1.388219 0.274995 -11.213488
30 -79.178357 -1.381923 0.274936 -11.215361
31 -78.817635 -1.375627 0.275131 -11.209204
32 -78.456914 -1.369331 0.275584 -11.194907
33 -78.096192 -1.363036 0.276302 -11.172304
34 -77.735471 -1.356740 0.277294 -11.141180
35 -77.374749 -1.350444 0.278572 -11.101266
36 -77.014028 -1.344148 0.280148 -11.052248
37 -76.653307 -1.337853 0.282040 -10.993771
38 -76.292585 -1.331557 0.284268 -10.925449
39 -75.931864 -1.325261 0.286851 -10.846879
40 -75.571142 -1.318965 0.289813 -10.757652
41 -75.210421 -1.312669 0.293178 -10.657375
42 -74.849699 -1.306374 0.296972 -10.545684
43 -74.488978 -1.300078 0.301222 -10.422268
44 -74.128257 -1.293782 0.305954 -10.286886
45 -73.767535 -1.287486 0.311194 -10.139387
46 -73.406814 -1.281191 0.316967 -9.979731
47 -73.046092 -1.274895 0.323296 -9.807997
48 -72.685371 -1.268599 0.330202 -9.624402
49 -72.324649 -1.262303 0.337703 -9.429307
50 -71.963928 -1.256007 0.345811 -9.223221
51 -71.603206 -1.249712 0.354536 -9.006800
52 -71.242485 -1.243416 0.363880 -8.780847
53 -70.881764 -1.237120 0.373839 -8.546303
54 -70.521042 -1.230824 0.384404 -8.304238
55 -70.160321 -1.224529 0.395556 -8.055842
56 -69.799599 -1.218233 0.407267 -7.802413
57 -69.438878 -1.211937 0.419501 -7.545345
58 -69.078156 -1.205641 0.432209 -7.286124
59 -68.717435 -1.199345 0.445332 -7.026314
60 -68.356713 -1.193050 0.458798 -6.767561
61 -67.995992 -1.186754 0.472521 -6.511587
62 -67.635271 -1.180458 0.486396 -6.260198
63 -67.274549 -1.174162 0.500306 -6.015291
64 -66.913828 -1.167867 0.514111 -5.778868
65 -66.553106 -1.161571 0.527651 -5.553058
66 -66.192385 -1.155275 0.540746 -5.340140
67 -65.831663 -1.148979 0.553186 -5.142580
68 -65.470942 -1.142684 0.564737 -4.963073
69 -65.110220 -1.136388 0.575135 -4.804600
70 -64.749499 -1.130092 0.584084 -4.670496
71 -64.388778 -1.123796 0.591253 -4.564536
72 -64.028056 -1.117500 0.596276 -4.491056
73 -63.667335 -1.111205 0.598750 -4.455092
74 -63.306613 -1.104909 0.598234 -4.462582
75 -62.945892 -1.098613 0.594249 -4.520629
76 -62.585170 -1.092317 0.586282 -4.637865
77 -62.224449 -1.086022 0.573788 -4.824965
78 -61.863727 -1.079726 0.556198 -5.095407
79 -61.503006 -1.073430 0.532930 -5.466599
80 -61.142285 -1.067134 0.503404 -5.961668
81 -60.781563 -1.060838 0.467068 -6.612398
82 -60.420842 -1.054543 0.423430 -7.464365
83 -60.060120 -1.048247 0.372109 -8.586592
84 -59.699399 -1.041951 0.312916 -10.091456
85 -59.338677 -1.035655 0.246009 -12.180971
86 -58.977956 -1.029360 0.172355 -15.271534
87 -58.617234 -1.023064 0.096208 -20.335770
88 -58.256513 -1.016768 0.054263 -25.309974
89 -57.895792 -1.010472 0.118200 -18.547620
90 -57.535070 -1.004176 0.210197 -13.547485
91 -57.174349 -0.997881 0.305155 -10.309580
92 -56.813627 -0.991585 0.396274 -8.040082
93 -56.452906 -0.985289 0.477632 -6.418128
94 -56.092184 -0.978993 0.542691 -5.308949
95 -55.731463 -0.972698 0.584254 -4.667963
96 -55.370741 -0.966402 0.594947 -4.510435
97 -55.010020 -0.960106 0.568278 -4.908781
98 -54.649299 -0.953810 0.500712 -6.008236
99 -54.288577 -0.947514 0.396218 -8.041312
100 -53.927856 -0.941219 0.280267 -11.048571
101 -53.567134 -0.934923 0.240489 -12.378111
102 -53.206413 -0.928627 0.343952 -9.270049
103 -52.845691 -0.922331 0.485799 -6.270862
104 -52.484970 -0.916036 0.577898 -4.762977
105 -52.124248 -0.909740 0.574575 -4.813071
106 -51.763527 -0.903444 0.474489 -6.475471
107 -51.402806 -0.897148 0.352722 -9.051343
108 -51.042084 -0.890852 0.307978 -10.229614
109 -50.681363 -0.884557 0.227687 -12.853230
110 -50.320641 -0.878261 0.051572 -25.751692
111 -49.959920 -0.871965 0.237975 -12.469378
112 -49.599198 -0.865669 0.087146 -21.195044
113 -49.238477 -0.859374 0.393364 -8.104115
114 -48.877756 -0.853078 0.302125 -10.396259
115 -48.517034 -0.846782 0.177476 -15.017183
116 -48.156313 -0.840486 0.208083 -13.635274
117 -47.795591 -0.834190 0.039369 -28.096925
118 -47.434870 -0.827895 0.510859 -5.833976
119 -47.074148 -0.821599 0.174490 -15.164608
120 -46.713427 -0.815303 0.226161 -12.911644
121 -46.352705 -0.809007 0.299087 -10.484035
122 -45.991984 -0.802712 0.350097 -9.116232
123 -45.631263 -0.796416 0.030521 -30.308053
124 -45.270541 -0.790120 0.303972 -10.343324
125 -44.909820 -0.783824 0.089081 -21.004280
126 -44.549098 -0.777528 0.176826 -15.049101
127 -44.188377 -0.771233 0.419930 -7.536457
128 -43.827655 -0.764937 0.386306 -8.261363
129 -43.466934 -0.758641 0.308920 -10.203068
130 -43.106212 -0.752345 0.541918 -5.321328
131 -42.745491 -0.746050 0.102034 -19.825097
132 -42.384770 -0.739754 0.144529 -16.800890
133 -42.024048 -0.733458 0.177610 -15.010666
134 -41.663327 -0.727162 0.031956 -29.908942
135 -41.302605 -0.720866 0.036989 -28.638566
136 -40.941884 -0.714571 0.562948 -4.990637
137 -40.581162 -0.708275 0.253865 -11.907931
138 -40.220441 -0.701979 0.506565 -5.907299
139 -39.859719 -0.695683 0.550163 -5.190179
140 -39.498998 -0.689388 0.226246 -12.908395
141 -39.138277 -0.683092 0.265736 -11.510996
142 -38.777555 -0.676796 0.346535 -9.205058
143 -38.416834 -0.670500 0.345687 -9.226350
144 -38.056112 -0.664204 0.422926 -7.474721
145 -37.695391 -0.657909 0.519928 -5.681130
146 -37.334669 -0.651613 0.547758 -5.228223
147 -36.973948 -0.645317 0.503305 -5.963377
148 -36.613226 -0.639021 0.439817 -7.134564
149 -36.252505 -0.632726 0.433138 -7.267470
150 -35.891784 -0.626430 0.508785 -5.869306
151 -35.531062 -0.620134 0.620781 -4.141237
152 -35.170341 -0.613838 0.723994 -2.805302
153 -34.809619 -0.607542 0.796873 -1.972216
154 -34.448898 -0.601247 0.832730 -1.589920
155 -34.088176 -0.594951 0.832557 -1.591715
156 -33.727455 -0.588655 0.801164 -1.925569
157 -33.366733 -0.582359 0.745036 -2.556451
158 -33.006012 -0.576064 0.671159 -3.463490
159 -32.645291 -0.569768 0.586443 -4.635477
160 -32.284569 -0.563472 0.497611 -6.062208
161 -31.923848 -0.557176 0.411514 -7.712309
162 -31.563126 -0.550880 0.335940 -9.474761
163 -31.202405 -0.544585 0.280504 -11.041225
164 -30.841683 -0.538289 0.255088 -11.866216
165 -30.480962 -0.531993 0.262425 -11.619905
166 -30.120240 -0.525697 0.293695 -10.642083
167 -29.759519 -0.519402 0.336601 -9.457696
168 -29.398798 -0.513106 0.382499 -8.347404
169 -29.038076 -0.506810 0.426667 -7.398229
170 -28.677355 -0.500514 0.466755 -6.618214
171 -28.316633 -0.494218 0.501687 -5.991335
172 -27.955912 -0.487923 0.531068 -5.496991
173 -27.595190 -0.481627 0.554881 -5.116002
174 -27.234469 -0.475331 0.573321 -4.832041
175 -26.873747 -0.469035 0.586703 -4.631629
176 -26.513026 -0.462740 0.595406 -4.503739
177 -26.152305 -0.456444 0.599836 -4.439352
178 -25.791583 -0.450148 0.600408 -4.431077
179 -25.430862 -0.443852 0.597529 -4.472825
180 -25.070140 -0.437556 0.591591 -4.559564
181 -24.709419 -0.431261 0.582967 -4.687121
182 -24.348697 -0.424965 0.572003 -4.852031
183 -23.987976 -0.418669 0.559022 -5.051414
184 -23.627255 -0.412373 0.544322 -5.282885
185 -23.266533 -0.406078 0.528173 -5.544472
186 -22.905812 -0.399782 0.510825 -5.834562
187 -22.545090 -0.393486 0.492502 -6.151848
188 -22.184369 -0.387190 0.473408 -6.495290
189 -21.823647 -0.380895 0.453728 -6.864080
190 -21.462926 -0.374599 0.433630 -7.257613
191 -21.102204 -0.368303 0.413264 -7.675453
192 -20.741483 -0.362007 0.392767 -8.117311
193 -20.380762 -0.355711 0.372263 -8.583006
194 -20.020040 -0.349416 0.351867 -9.072427
195 -19.659319 -0.343120 0.331685 -9.585485
196 -19.298597 -0.336824 0.311816 -10.122038
197 -18.937876 -0.330528 0.292355 -10.681798
198 -18.577154 -0.324233 0.273395 -11.264189
199 -18.216433 -0.317937 0.255030 -11.868160
200 -17.855711 -0.311641 0.237359 -12.491903
201 -17.494990 -0.305345 0.220484 -13.132475
202 -17.134269 -0.299049 0.204520 -13.785281
203 -16.773547 -0.292754 0.189596 -14.443405
204 -16.412826 -0.286458 0.175857 -15.096820
205 -16.052104 -0.280162 0.163464 -15.731566
206 -15.691383 -0.273866 0.152595 -16.329197
207 -15.330661 -0.267571 0.143434 -16.866951
208 -14.969940 -0.261275 0.136155 -17.319306
209 -14.609218 -0.254979 0.130897 -17.661386
210 -14.248497 -0.248683 0.127734 -17.873857
211 -13.887776 -0.242387 0.126652 -17.947774
212 -13.527054 -0.236092 0.127540 -17.887077
213 -13.166333 -0.229796 0.130206 -17.707373
214 -12.805611 -0.223500 0.134405 -17.431691
215 -12.444890 -0.217204 0.139872 -17.085356
216 -12.084168 -0.210909 0.146354 -16.691937
217 -11.723447 -0.204613 0.153620 -16.271053
218 -11.362725 -0.198317 0.161477 -15.837764
219 -11.002004 -0.192021 0.169767 -15.402936
220 -10.641283 -0.185725 0.178361 -14.974001
221 -10.280561 -0.179430 0.187159 -14.555774
222 -9.919840 -0.173134 0.196084 -14.151170
223 -9.559118 -0.166838 0.205074 -13.761773
224 -9.198397 -0.160542 0.214086 -13.388254
225 -8.837675 -0.154247 0.223083 -13.030681
226 -8.476954 -0.147951 0.232040 -12.688734
227 -8.116232 -0.141655 0.240939 -12.361849
228 -7.755511 -0.135359 0.249766 -12.049328
229 -7.394790 -0.129063 0.258511 -11.750403
230 -7.034068 -0.122768 0.267169 -11.464283
231 -6.673347 -0.116472 0.275734 -11.190189
232 -6.312625 -0.110176 0.284205 -10.927368
233 -5.951904 -0.103880 0.292580 -10.675112
234 -5.591182 -0.097585 0.300858 -10.432762
235 -5.230461 -0.091289 0.309040 -10.199714
236 -4.869739 -0.084993 0.317124 -9.975419
237 -4.509018 -0.078697 0.325110 -9.759387
238 -4.148297 -0.072401 0.332997 -9.551184
239 -3.787575 -0.066106 0.340783 -9.350432
240 -3.426854 -0.059810 0.348465 -9.156807
241 -3.066132 -0.053514 0.356039 -8.970040
242 -2.705411 -0.047218 0.363500 -8.789913
243 -2.344689 -0.040923 0.370841 -8.616256
244 -1.983968 -0.034627 0.378053 -8.448950
245 -1.623246 -0.028331 0.385127 -8.287923
246 -1.262525 -0.022035 0.392051 -8.133147
247 -0.901804 -0.015739 0.398812 -7.984642
248 -0.541082 -0.009444 0.405393 -7.842468
249 -0.180361 -0.003148 0.411778 -7.706732
250 0.180361 0.003148 0.417947 -7.577582
251 0.541082 0.009444 0.423877 -7.455208
252 0.901804 0.015739 0.429544 -7.339845
253 1.262525 0.022035 0.434922 -7.231767
254 1.623246 0.028331 0.439982 -7.131297
255 1.983968 0.034627 0.444693 -7.038800
256 2.344689 0.040923 0.449020 -6.954687
257 2.705411 0.047218 0.452928 -6.879419
258 3.066132 0.053514 0.456378 -6.813510
259 3.426854 0.059810 0.459329 -6.757526
260 3.787575 0.066106 0.461738 -6.712095
261 4.148297 0.072401 0.463559 -6.677908
262 4.509018 0.078697 0.464744 -6.655725
263 4.869739 0.084993 0.465244 -6.646388
264 5.230461 0.091289 0.465006 -6.650822
265 5.591182 0.097585 0.463978 -6.670053
266 5.951904 0.103880 0.462104 -6.705214
267 6.312625 0.110176 0.459327 -6.757569
268 6.673347 0.116472 0.455590 -6.828523
269 7.034068 0.122768 0.450835 -6.919651
270 7.394790 0.129063 0.445004 -7.032726
271 7.755511 0.135359 0.438039 -7.169751
272 8.116232 0.141655 0.429883 -7.333003
273 8.476954 0.147951 0.420480 -7.525088
274 8.837675 0.154247 0.409779 -7.749009
275 9.198397 0.160542 0.397729 -8.008252
276 9.559118 0.166838 0.384286 -8.306899
277 9.919840 0.173134 0.369412 -8.649776
278 10.280561 0.179430 0.353076 -9.042643
279 10.641283 0.185725 0.335256 -9.492458
280 11.002004 0.192021 0.315947 -10.007724
281 11.362725 0.198317 0.295156 -10.598975
282 11.723447 0.204613 0.272916 -11.279429
283 12.084168 0.210909 0.249290 -12.065898
284 12.444890 0.217204 0.224389 -12.979983
285 12.805611 0.223500 0.198393 -14.049462
286 13.166333 0.229796 0.171609 -15.309181
287 13.527054 0.236092 0.144574 -16.798194
288 13.887776 0.242387 0.118305 -18.539961
289 14.248497 0.248683 0.094883 -20.456259
290 14.609218 0.254979 0.078552 -22.096902
291 14.969940 0.261275 0.075588 -22.430931
292 15.330661 0.267571 0.088315 -21.079296
293 15.691383 0.273866 0.111953 -19.019303
294 16.052104 0.280162 0.141220 -17.002097
295 16.412826 0.286458 0.173102 -15.233976
296 16.773547 0.292754 0.205979 -13.723532
297 17.134269 0.299049 0.238844 -12.437697
298 17.494990 0.305345 0.270947 -11.342328
299 17.855711 0.311641 0.301642 -10.410156
300 18.216433 0.317937 0.330332 -9.620989
301 18.577154 0.324233 0.356432 -8.960466
302 18.937876 0.330528 0.379367 -8.418810
303 19.298597 0.336824 0.398571 -7.989892
304 19.659319 0.343120 0.413497 -7.670561
305 20.020040 0.349416 0.423633 -7.460197
306 20.380762 0.355711 0.428529 -7.360401
307 20.741483 0.362007 0.427821 -7.374751
308 21.102204 0.368303 0.421284 -7.508505
309 21.462926 0.374599 0.408881 -7.768054
310 21.823647 0.380895 0.390854 -8.159710
311 22.184369 0.387190 0.367834 -8.686956
312 22.545090 0.393486 0.341021 -9.344369
313 22.905812 0.399782 0.312430 -10.104944
314 23.266533 0.406078 0.285200 -10.897007
315 23.627255 0.412373 0.263770 -11.575495
316 23.987976 0.418669 0.253302 -11.927221
317 24.348697 0.424965 0.257638 -11.779817
318 24.709419 0.431261 0.276792 -11.156926
319 25.070140 0.437556 0.306793 -10.263082
320 25.430862 0.443852 0.341858 -9.323090
321 25.791583 0.450148 0.376274 -8.489918
322 26.152305 0.456444 0.405073 -7.849342
323 26.513026 0.462740 0.424104 -7.450561
324 26.873747 0.469035 0.430034 -7.329936
325 27.234469 0.475331 0.420433 -7.526060
326 27.595190 0.481627 0.393939 -8.091416
327 27.955912 0.487923 0.350483 -9.106670
328 28.316633 0.494218 0.291503 -10.707128
329 28.677355 0.500514 0.220116 -13.146982
330 29.038076 0.506810 0.141189 -17.004002
331 29.398798 0.513106 0.061679 -24.197286
332 29.759519 0.519402 0.022412 -32.990459
333 30.120240 0.525697 0.078606 -22.090935
334 30.480962 0.531993 0.119003 -18.488854
335 30.841683 0.538289 0.134063 -17.453827
336 31.202405 0.544585 0.121174 -18.331808
337 31.563126 0.550880 0.083145 -21.603271
338 31.923848 0.557176 0.047584 -26.450798
339 32.284569 0.563472 0.100462 -19.959943
340 32.645291 0.569768 0.190287 -14.411825
341 33.006012 0.576064 0.275864 -11.186103
342 33.366733 0.582359 0.331132 -9.599985
343 33.727455 0.588655 0.328498 -9.669354
344 34.088176 0.594951 0.253359 -11.925262
345 34.448898 0.601247 0.168797 -15.452689
346 34.809619 0.607542 0.263276 -11.591765
347 35.170341 0.613838 0.381566 -8.368599
348 35.531062 0.620134 0.334284 -9.517695
349 35.891784 0.626430 0.087530 -21.156846
350 36.252505 0.632726 0.201687 -13.906444
351 36.613226 0.639021 0.246688 -12.157034
352 36.973948 0.645317 0.220799 -13.120063
353 37.334669 0.651613 0.512958 -5.798369
354 37.695391 0.657909 0.317250 -9.971973
355 38.056112 0.664204 0.305387 -10.302982
356 38.416834 0.670500 0.025271 -31.947441
357 38.777555 0.676796 0.397711 -8.008654
358 39.138277 0.683092 0.324956 -9.763498
359 39.498998 0.689388 0.081717 -21.753711
360 39.859719 0.695683 0.051958 -25.687005
361 40.220441 0.701979 0.170152 -15.383238
362 40.581162 0.708275 0.189171 -14.462910
363 40.941884 0.714571 0.285364 -10.892012
364 41.302605 0.720866 0.252057 -11.970042
365 41.663327 0.727162 0.356515 -8.958446
366 42.024048 0.733458 0.319701 -9.905116
367 42.384770 0.739754 0.404431 -7.863110
368 42.745491 0.746050 0.131757 -17.604497
369 43.106212 0.752345 0.539357 -5.362477
370 43.466934 0.758641 0.311820 -10.121922
371 43.827655 0.764937 0.194664 -14.214295
372 44.188377 0.771233 0.193483 -14.267152
373 44.549098 0.777528 0.323511 -9.802208
374 44.909820 0.783824 0.377136 -8.470048
375 45.270541 0.790120 0.508796 -5.869119
376 45.631263 0.796416 0.057116 -24.864822
377 45.991984 0.802712 0.200984 -13.936791
378 46.352705 0.809007 0.253530 -11.919398
379 46.713427 0.815303 0.179660 -14.910975
380 47.074148 0.821599 0.051731 -25.724943
381 47.434870 0.827895 0.494274 -6.120645
382 47.795591 0.834190 0.373913 -8.544579
383 48.156313 0.840486 0.280406 -11.044258
384 48.517034 0.846782 0.358544 -8.909161
385 48.877756 0.853078 0.338861 -9.399568
386 49.238477 0.859374 0.216454 -13.292685
387 49.599198 0.865669 0.131224 -17.639723
388 49.959920 0.871965 0.268629 -11.416957
389 50.320641 0.878261 0.186632 -14.580259
390 50.681363 0.884557 0.497470 -6.064663
391 51.042084 0.890852 0.250550 -12.022096
392 51.402806 0.897148 0.112863 -18.948990
393 51.763527 0.903444 0.529234 -5.527042
394 52.124248 0.909740 0.321881 -9.846101
395 52.484970 0.916036 0.445231 -7.028288
396 52.845691 0.922331 0.067877 -23.365516
397 53.206413 0.928627 0.305508 -10.299536
398 53.567134 0.934923 0.235965 -12.543064
399 53.927856 0.941219 0.249968 -12.042297
400 54.288577 0.947514 0.406166 -7.825922
401 54.649299 0.953810 0.334397 -9.514741
402 55.010020 0.960106 0.136172 -17.318247
403 55.370741 0.966402 0.052392 -25.614683
404 55.731463 0.972698 0.072651 -22.775195
405 56.092184 0.978993 0.035711 -28.944079
406 56.452906 0.985289 0.162423 -15.787067
407 56.813627 0.991585 0.274418 -11.231744
408 57.174349 0.997881 0.317431 -9.967022
409 57.535070 1.004176 0.282196 -10.988997
410 57.895792 1.010472 0.187718 -14.529871
411 58.256513 1.016768 0.067921 -23.359907
412 58.617234 1.023064 0.056622 -24.940243
413 58.977956 1.029360 0.139627 -17.100616
414 59.338677 1.035655 0.180335 -14.878398
415 59.699399 1.041951 0.174652 -15.156534
416 60.060120 1.048247 0.131573 -17.616655
417 60.420842 1.054543 0.083918 -21.522865
418 60.781563 1.060838 0.118456 -18.528883
419 61.142285 1.067134 0.212541 -13.451127
420 61.503006 1.073430 0.312315 -10.108132
421 61.863727 1.079726 0.400849 -7.940389
422 62.224449 1.086022 0.470328 -6.551976
423 62.585170 1.092317 0.517043 -5.729467
424 62.945892 1.098613 0.540192 -5.349036
425 63.306613 1.104909 0.541220 -5.332526
426 63.667335 1.111205 0.523288 -5.625185
427 64.028056 1.117500 0.490864 -6.180783
428 64.388778 1.123796 0.449445 -6.946478
429 64.749499 1.130092 0.405406 -7.842187
430 65.110220 1.136388 0.365814 -8.734786
431 65.470942 1.142684 0.337712 -9.429077
432 65.831663 1.148979 0.326255 -9.728865
433 66.192385 1.155275 0.332311 -9.569103
434 66.553106 1.161571 0.352105 -9.066556
435 66.913828 1.167867 0.379677 -8.411713
436 67.274549 1.174162 0.409497 -7.754995
437 67.635271 1.180458 0.437507 -7.180294
438 67.995992 1.186754 0.461091 -6.724258
439 68.356713 1.193050 0.478726 -6.398262
440 68.717435 1.199345 0.489660 -6.202112
441 69.078156 1.205641 0.493678 -6.131133
442 69.438878 1.211937 0.490935 -6.179526
443 69.799599 1.218233 0.481844 -6.341871
444 70.160321 1.224529 0.466997 -6.613725
445 70.521042 1.230824 0.447108 -6.991754
446 70.881764 1.237120 0.422981 -7.473589
447 71.242485 1.243416 0.395486 -8.057370
448 71.603206 1.249712 0.365559 -8.740851
449 71.963928 1.256007 0.334208 -9.519664
450 72.324649 1.262303 0.302549 -10.384078
451 72.685371 1.268599 0.271858 -11.313161
452 73.046092 1.274895 0.243636 -12.265177
453 73.406814 1.281191 0.219657 -13.165094
454 73.767535 1.287486 0.201887 -13.897847
455 74.128257 1.293782 0.192109 -14.329052
456 74.488978 1.300078 0.191253 -14.367814
457 74.849699 1.306374 0.198875 -14.028393
458 75.210421 1.312669 0.213352 -13.418058
459 75.571142 1.318965 0.232626 -12.666829
460 75.931864 1.325261 0.254822 -11.875263
461 76.292585 1.331557 0.278485 -11.103953
462 76.653307 1.337853 0.302571 -10.383452
463 77.014028 1.344148 0.326352 -9.726276
464 77.374749 1.350444 0.349329 -9.135309
465 77.735471 1.356740 0.371163 -8.608714
466 78.096192 1.363036 0.391626 -8.142566
467 78.456914 1.369331 0.410572 -7.732206
468 78.817635 1.375627 0.427912 -7.372906
469 79.178357 1.381923 0.443600 -7.060175
470 79.539078 1.388219 0.457621 -6.789882
471 79.899800 1.394515 0.469986 -6.558296
472 80.260521 1.400810 0.480725 -6.362067
473 80.621242 1.407106 0.489880 -6.198205
474 80.981964 1.413402 0.497506 -6.064036
475 81.342685 1.419698 0.503665 -5.957173
476 81.703407 1.425993 0.508424 -5.875473
477 82.064128 1.432289 0.511858 -5.817009
478 82.424850 1.438585 0.514041 -5.780043
479 82.785571 1.444881 0.515051 -5.762998
480 83.146293 1.451177 0.514965 -5.764440
481 83.507014 1.457472 0.513863 -5.783054
482 83.867735 1.463768 0.511821 -5.817633
483 84.228457 1.470064 0.508917 -5.867059
484 84.589178 1.476360 0.505226 -5.930293
485 84.949900 1.482655 0.500820 -6.006363
486 85.310621 1.488951 0.495772 -6.094353
487 85.671343 1.495247 0.490151 -6.193395
488 86.032064 1.501543 0.484024 -6.302663
489 86.392786 1.507839 0.477454 -6.421361
490 86.753507 1.514134 0.470505 -6.548721
491 87.114228 1.520430 0.463234 -6.683995
492 87.474950 1.526726 0.455698 -6.826452
493 87.835671 1.533022 0.447952 -6.975371
494 88.196393 1.539317 0.440046 -7.130037
495 88.557114 1.545613 0.432029 -7.289741
496 88.917836 1.551909 0.423947 -7.453772
497 89.278557 1.558205 0.415843 -7.621420
498 89.639279 1.564501 0.407757 -7.791969
499 90.000000 1.570796 0.399728 -7.964701
